16	66796767	66796798	ENST00000558713	-1
16	66790908	66791019	ENST00000558713	-1
16	66790594	66790723	ENST00000558713	-1
16	66788168	66788297	ENST00000558713	-1
16	66786224	66786285	ENST00000558713	-1
16	66786013	66786129	ENST00000558713	-1
16	66785785	66785908	ENST00000558713	-1
16	66778862	66779015	ENST00000558713	-1
16	66777202	66777334	ENST00000558713	-1
16	66775117	66775243	ENST00000558713	-1
16	66772588	66772749	ENST00000558713	-1
16	66769962	66770309	ENST00000558713	-1
16	66768103	66768168	ENST00000558713	-1
16	66767414	66767510	ENST00000558713	-1
16	66759140	66759290	ENST00000558713	-1
16	66758772	66758838	ENST00000558713	-1
16	66754975	66755163	ENST00000558713	-1
