3	169127843	169128060	ENST00000494292	-1
3	169122579	169122727	ENST00000494292	-1
3	169121055	169121209	ENST00000494292	-1
3	169115382	169116739	ENST00000494292	-1
3	169112786	169112874	ENST00000494292	-1
3	169102059	169102226	ENST00000494292	-1
3	169100884	169100962	ENST00000494292	-1
3	169095075	169095245	ENST00000494292	-1
3	169092957	169093102	ENST00000494292	-1
3	169089999	169090236	ENST00000494292	-1
3	169088999	169089183	ENST00000494292	-1
3	169663335	169663372	ENST00000494292	-1
3	169381186	169381524	ENST00000494292	-1
3	169143697	169143832	ENST00000494292	-1
3	169131428	169131531	ENST00000494292	-1
3	169084908	169085043	ENST00000494292	-1
