12	121453119	121453344	ENST00000377071	-1
12	121445274	121445418	ENST00000377071	-1
12	121444449	121444536	ENST00000377071	-1
12	121444011	121444272	ENST00000377071	-1
12	121443679	121443793	ENST00000377071	-1
12	121442991	121443030	ENST00000377071	-1
12	121442156	121442836	ENST00000377071	-1
12	121441069	121441233	ENST00000377071	-1
12	121440815	121440977	ENST00000377071	-1
12	121439856	121440075	ENST00000377071	-1
12	121430287	121430469	ENST00000377071	-1
12	121534496	121534590	ENST00000377071	-1
12	121532805	121532959	ENST00000377071	-1
12	121520984	121521100	ENST00000377071	-1
12	121513275	121513402	ENST00000377071	-1
12	121509566	121510039	ENST00000377071	-1
12	121494578	121494665	ENST00000377071	-1
12	121580785	121580911	ENST00000377071	-1
12	121578801	121578946	ENST00000377071	-1
12	121575780	121575859	ENST00000377071	-1
12	121574546	121574593	ENST00000377071	-1
12	121549459	121549638	ENST00000377071	-1
12	121548876	121548983	ENST00000377071	-1
