1	167365466	167365567	ENST00000541643	1
1	167370160	167370214	ENST00000541643	1
1	167371916	167372036	ENST00000541643	1
1	167374107	167374296	ENST00000541643	1
1	167376028	167376155	ENST00000541643	1
1	167383856	167383951	ENST00000541643	1
1	167389587	167389761	ENST00000541643	1
1	167396285	167396427	ENST00000541643	1
1	167397993	167398133	ENST00000541643	1
1	167399185	167399365	ENST00000541643	1
1	167401450	167401556	ENST00000541643	1
1	167411958	167412304	ENST00000541643	1
1	167413025	167413114	ENST00000541643	1
1	167332477	167332535	ENST00000541643	1
1	167415499	167415810	ENST00000541643	1
