12	27333072	27333103	ENST00000266503	1
12	27368261	27368412	ENST00000266503	1
12	27370128	27370230	ENST00000266503	1
12	27376345	27376387	ENST00000266503	1
12	27380246	27380404	ENST00000266503	1
12	27385480	27385560	ENST00000266503	1
12	27387227	27387320	ENST00000266503	1
12	27389178	27389296	ENST00000266503	1
12	27390095	27390239	ENST00000266503	1
12	27400533	27400774	ENST00000266503	1
12	27401256	27401363	ENST00000266503	1
12	27401523	27401674	ENST00000266503	1
12	27402618	27402677	ENST00000266503	1
12	27403432	27403541	ENST00000266503	1
12	27415868	27415947	ENST00000266503	1
12	27418087	27418196	ENST00000266503	1
12	27420395	27420532	ENST00000266503	1
