6	41565760	41565964	ENST00000704756	1
6	41577985	41578081	ENST00000704756	1
6	41584768	41584891	ENST00000704756	1
6	41585430	41585517	ENST00000704756	1
6	41587008	41587156	ENST00000704756	1
6	41587298	41587512	ENST00000704756	1
6	41587792	41587897	ENST00000704756	1
6	41588643	41588731	ENST00000704756	1
6	41589770	41589854	ENST00000704756	1
6	41589962	41590170	ENST00000704756	1
6	41590270	41590347	ENST00000704756	1
6	41591220	41591322	ENST00000704756	1
6	41594869	41594991	ENST00000704756	1
6	41597175	41597242	ENST00000704756	1
6	41597780	41597950	ENST00000704756	1
6	41598788	41598936	ENST00000704756	1
