7	101916114	101916225	ENST00000292535	1
7	102028097	102028145	ENST00000292535	1
7	102070338	102070417	ENST00000292535	1
7	102097363	102097501	ENST00000292535	1
7	102104335	102104459	ENST00000292535	1
7	102111697	102111774	ENST00000292535	1
7	102115206	102115273	ENST00000292535	1
7	102158559	102158608	ENST00000292535	1
7	102170445	102170550	ENST00000292535	1
7	102189812	102189871	ENST00000292535	1
7	102193841	102193890	ENST00000292535	1
7	102195506	102195603	ENST00000292535	1
7	102178468	102178657	ENST00000292535	1
7	102196633	102197305	ENST00000292535	1
7	102201359	102202204	ENST00000292535	1
7	102204390	102204556	ENST00000292535	1
7	102205113	102205170	ENST00000292535	1
7	102227366	102227669	ENST00000292535	1
7	102234051	102234240	ENST00000292535	1
7	102239319	102239584	ENST00000292535	1
7	102248411	102249042	ENST00000292535	1
7	102198801	102198867	ENST00000292535	1
7	102200070	102200172	ENST00000292535	1
7	101817639	101817669	ENST00000292535	1
