18	6311553	6311625	ENST00000400105	-1
18	6301902	6301957	ENST00000400105	-1
18	6263946	6264038	ENST00000400105	-1
18	6244483	6244588	ENST00000400105	-1
18	6243293	6243429	ENST00000400105	-1
18	6241357	6241449	ENST00000400105	-1
18	6239717	6239872	ENST00000400105	-1
18	6237963	6238040	ENST00000400105	-1
18	6215749	6215835	ENST00000400105	-1
18	6213148	6213259	ENST00000400105	-1
18	6171827	6171942	ENST00000400105	-1
18	6138193	6138296	ENST00000400105	-1
18	6093354	6093528	ENST00000400105	-1
18	6080880	6080951	ENST00000400105	-1
18	6046727	6046754	ENST00000400105	-1
18	5969392	5969562	ENST00000400105	-1
18	5960093	5960156	ENST00000400105	-1
18	5956219	5956387	ENST00000400105	-1
