17	49791885	49792033	ENST00000259021	1
17	49796749	49796926	ENST00000259021	1
17	49798318	49798558	ENST00000259021	1
17	49805362	49805445	ENST00000259021	1
17	49811475	49811574	ENST00000259021	1
17	49815802	49815913	ENST00000259021	1
17	49817819	49818011	ENST00000259021	1
17	49821336	49821426	ENST00000259021	1
17	49821649	49821790	ENST00000259021	1
17	49823201	49823295	ENST00000259021	1
17	49825999	49826146	ENST00000259021	1
17	49826692	49826799	ENST00000259021	1
17	49809118	49809208	ENST00000259021	1
17	49788834	49788849	ENST00000259021	1
17	49827400	49827502	ENST00000259021	1
