11	120246448	120246517	ENST00000543440	1
11	120269209	120269244	ENST00000543440	1
11	120298264	120298390	ENST00000543440	1
11	120299623	120299726	ENST00000543440	1
11	120302285	120302368	ENST00000543440	1
11	120305029	120305212	ENST00000543440	1
11	120305643	120305785	ENST00000543440	1
11	120307478	120307615	ENST00000543440	1
11	120309424	120309586	ENST00000543440	1
11	120315360	120315427	ENST00000543440	1
11	120317228	120317364	ENST00000543440	1
11	120240343	120240371	ENST00000543440	1
11	120318352	120318392	ENST00000543440	1
