7	74690972	74691111	ENST00000573035	1
7	74698960	74699095	ENST00000573035	1
7	74700246	74700430	ENST00000573035	1
7	74700605	74700634	ENST00000573035	1
7	74705163	74705218	ENST00000573035	1
7	74706389	74706433	ENST00000573035	1
7	74711031	74711109	ENST00000573035	1
7	74714856	74714916	ENST00000573035	1
7	74716893	74716950	ENST00000573035	1
7	74718878	74718941	ENST00000573035	1
7	74728785	74728896	ENST00000573035	1
7	74730228	74730294	ENST00000573035	1
7	74732478	74732662	ENST00000573035	1
7	74733922	74733981	ENST00000573035	1
7	74735460	74735532	ENST00000573035	1
7	74736499	74736683	ENST00000573035	1
7	74738044	74738103	ENST00000573035	1
7	74743448	74743520	ENST00000573035	1
7	74744757	74744941	ENST00000573035	1
7	74745882	74745941	ENST00000573035	1
7	74746336	74746411	ENST00000573035	1
7	74748014	74748116	ENST00000573035	1
7	74749024	74749090	ENST00000573035	1
7	74749267	74749451	ENST00000573035	1
7	74751360	74751416	ENST00000573035	1
7	74752089	74752170	ENST00000573035	1
7	74753093	74753177	ENST00000573035	1
7	74753845	74754029	ENST00000573035	1
7	74755508	74755537	ENST00000573035	1
7	74756819	74756861	ENST00000573035	1
7	74757958	74758000	ENST00000573035	1
7	74758779	74758838	ENST00000573035	1
7	74689128	74689227	ENST00000573035	1
