20	45971209	45971410	ENST00000322927	-1
20	45969450	45969691	ENST00000322927	-1
20	45968284	45968362	ENST00000322927	-1
20	45967733	45968027	ENST00000322927	-1
20	45967493	45967634	ENST00000322927	-1
20	45965627	45965774	ENST00000322927	-1
20	45963737	45963990	ENST00000322927	-1
20	45963472	45963650	ENST00000322927	-1
20	45962069	45962182	ENST00000322927	-1
20	45960863	45960882	ENST00000322927	-1
20	45960615	45960732	ENST00000322927	-1
20	45960448	45960525	ENST00000322927	-1
20	45960207	45960368	ENST00000322927	-1
20	45959200	45959433	ENST00000322927	-1
20	45957834	45957928	ENST00000322927	-1
20	45957585	45957680	ENST00000322927	-1
20	45953688	45953948	ENST00000322927	-1
20	45952597	45952709	ENST00000322927	-1
20	45952146	45952521	ENST00000322927	-1
20	45950452	45950595	ENST00000322927	-1
20	45950218	45950373	ENST00000322927	-1
20	45949965	45950069	ENST00000322927	-1
20	45949799	45949877	ENST00000322927	-1
20	45949484	45949568	ENST00000322927	-1
20	45949332	45949398	ENST00000322927	-1
20	45949169	45949251	ENST00000322927	-1
20	45948952	45949080	ENST00000322927	-1
