8	26044728	26044859	ENST00000520164	-1
8	26042094	26042251	ENST00000520164	-1
8	26040938	26041002	ENST00000520164	-1
8	26040615	26040671	ENST00000520164	-1
8	26040027	26040101	ENST00000520164	-1
8	26033084	26033153	ENST00000520164	-1
8	25908473	25908555	ENST00000520164	-1
8	25889751	25889869	ENST00000520164	-1
8	25887841	25887972	ENST00000520164	-1
8	25886754	25886881	ENST00000520164	-1
8	25862708	25862797	ENST00000520164	-1
8	25861308	25861374	ENST00000520164	-1
8	25861048	25861226	ENST00000520164	-1
8	25858318	25858504	ENST00000520164	-1
8	25850593	25850761	ENST00000520164	-1
8	25844608	25844640	ENST00000520164	-1
