2	230237082	230237260	ENST00000392045	1
2	230238212	230238381	ENST00000392045	1
2	230241403	230241487	ENST00000392045	1
2	230243730	230243811	ENST00000392045	1
2	230244987	230245080	ENST00000392045	1
2	230245862	230245940	ENST00000392045	1
2	230247915	230248065	ENST00000392045	1
2	230248884	230248968	ENST00000392045	1
2	230250980	230251061	ENST00000392045	1
2	230253315	230253417	ENST00000392045	1
2	230269531	230269618	ENST00000392045	1
2	230269836	230269953	ENST00000392045	1
2	230270585	230270639	ENST00000392045	1
2	230284345	230284411	ENST00000392045	1
2	230285751	230285832	ENST00000392045	1
2	230287891	230287966	ENST00000392045	1
2	230290459	230290564	ENST00000392045	1
2	230292645	230292788	ENST00000392045	1
2	230294270	230294318	ENST00000392045	1
2	230297420	230297462	ENST00000392045	1
2	230309923	230310039	ENST00000392045	1
2	230310742	230310851	ENST00000392045	1
2	230311153	230311231	ENST00000392045	1
2	230311451	230311595	ENST00000392045	1
2	230312585	230312684	ENST00000392045	1
2	230225844	230225903	ENST00000392045	1
2	230255451	230255532	ENST00000392045	1
