11	61752744	61752790	ENST00000278836	1
11	61765624	61765712	ENST00000278836	1
11	61765957	61766221	ENST00000278836	1
11	61769259	61769321	ENST00000278836	1
11	61770245	61770525	ENST00000278836	1
11	61771499	61771750	ENST00000278836	1
11	61771828	61771952	ENST00000278836	1
11	61773966	61774162	ENST00000278836	1
11	61776055	61776132	ENST00000278836	1
11	61776321	61776432	ENST00000278836	1
11	61776786	61776877	ENST00000278836	1
11	61777263	61777464	ENST00000278836	1
11	61777733	61777845	ENST00000278836	1
11	61778379	61778489	ENST00000278836	1
11	61779262	61779423	ENST00000278836	1
11	61779497	61779570	ENST00000278836	1
11	61779841	61779930	ENST00000278836	1
11	61780221	61780290	ENST00000278836	1
11	61780711	61780792	ENST00000278836	1
11	61780959	61781045	ENST00000278836	1
11	61781137	61781329	ENST00000278836	1
11	61781572	61781824	ENST00000278836	1
11	61783497	61783600	ENST00000278836	1
11	61783850	61783925	ENST00000278836	1
11	61784279	61784385	ENST00000278836	1
11	61785799	61785874	ENST00000278836	1
11	61786062	61786143	ENST00000278836	1
