3	46464824	46464867	ENST00000231751	-1
3	46459655	46459819	ENST00000231751	-1
3	46456289	46456398	ENST00000231751	-1
3	46455795	46455978	ENST00000231751	-1
3	46455294	46455442	ENST00000231751	-1
3	46454304	46454360	ENST00000231751	-1
3	46450494	46450673	ENST00000231751	-1
3	46449853	46450028	ENST00000231751	-1
3	46448862	46449017	ENST00000231751	-1
3	46447307	46447398	ENST00000231751	-1
3	46446439	46446493	ENST00000231751	-1
3	46445280	46445436	ENST00000231751	-1
3	46443440	46443582	ENST00000231751	-1
3	46441415	46441483	ENST00000231751	-1
3	46439295	46439480	ENST00000231751	-1
3	46437939	46438129	ENST00000231751	-1
3	46436194	46436229	ENST00000231751	-1
