11	67121316	67121358	ENST00000529006	1
11	67180078	67180217	ENST00000529006	1
11	67181319	67181398	ENST00000529006	1
11	67181845	67181892	ENST00000529006	1
11	67207509	67207688	ENST00000529006	1
11	67215339	67215446	ENST00000529006	1
11	67215855	67215949	ENST00000529006	1
11	67217730	67217884	ENST00000529006	1
11	67219287	67219403	ENST00000529006	1
11	67228036	67228163	ENST00000529006	1
11	67231565	67231960	ENST00000529006	1
11	67243008	67243092	ENST00000529006	1
11	67245188	67245458	ENST00000529006	1
11	67245984	67246116	ENST00000529006	1
11	67248280	67248370	ENST00000529006	1
11	67250085	67250798	ENST00000529006	1
11	67252693	67252857	ENST00000529006	1
11	67253452	67253611	ENST00000529006	1
11	67254202	67254418	ENST00000529006	1
11	67254873	67255055	ENST00000529006	1
