2	202941902	202941980	ENST00000438828	1
2	202942739	202942967	ENST00000438828	1
2	202952558	202952679	ENST00000438828	1
2	202954004	202954134	ENST00000438828	1
2	202955673	202955758	ENST00000438828	1
2	202961236	202961426	ENST00000438828	1
2	202966977	202967098	ENST00000438828	1
2	202969918	202970062	ENST00000438828	1
2	202971504	202971738	ENST00000438828	1
2	202974333	202974496	ENST00000438828	1
2	202977268	202977332	ENST00000438828	1
2	202981554	202981685	ENST00000438828	1
2	202982071	202982441	ENST00000438828	1
2	202983505	202983624	ENST00000438828	1
