19	10182040	10182077	ENST00000340748	-1
19	10180777	10180885	ENST00000340748	-1
19	10180349	10180569	ENST00000340748	-1
19	10177291	10177367	ENST00000340748	-1
19	10175539	10175618	ENST00000340748	-1
19	10173870	10173905	ENST00000340748	-1
19	10173089	10173174	ENST00000340748	-1
19	10168329	10168364	ENST00000340748	-1
19	10166597	10166685	ENST00000340748	-1
19	10163325	10163360	ENST00000340748	-1
19	10162666	10162748	ENST00000340748	-1
19	10160383	10160418	ENST00000340748	-1
19	10160017	10160063	ENST00000340748	-1
19	10159841	10159922	ENST00000340748	-1
19	10159657	10159767	ENST00000340748	-1
19	10156390	10156509	ENST00000340748	-1
19	10155852	10155945	ENST00000340748	-1
19	10154904	10155056	ENST00000340748	-1
19	10154585	10154773	ENST00000340748	-1
19	10154292	10154479	ENST00000340748	-1
19	10151749	10151847	ENST00000340748	-1
19	10151397	10151545	ENST00000340748	-1
19	10149852	10149968	ENST00000340748	-1
19	10149452	10149657	ENST00000340748	-1
19	10148883	10149017	ENST00000340748	-1
19	10146350	10146524	ENST00000340748	-1
19	10143765	10143987	ENST00000340748	-1
19	10142027	10142220	ENST00000340748	-1
19	10141104	10141189	ENST00000340748	-1
19	10140780	10140909	ENST00000340748	-1
19	10140045	10140328	ENST00000340748	-1
19	10139675	10139817	ENST00000340748	-1
19	10138438	10138605	ENST00000340748	-1
19	10137831	10138009	ENST00000340748	-1
19	10137084	10137280	ENST00000340748	-1
19	10136120	10136287	ENST00000340748	-1
19	10135735	10135852	ENST00000340748	-1
19	10134216	10134307	ENST00000340748	-1
19	10133666	10133701	ENST00000340748	-1
19	10194819	10194899	ENST00000340748	-1
