4	102529835	102529914	ENST00000505458	1
4	102537857	102537956	ENST00000505458	1
4	102566986	102567135	ENST00000505458	1
4	102576875	102577039	ENST00000505458	1
4	102578880	102579039	ENST00000505458	1
4	102580534	102580639	ENST00000505458	1
4	102582865	102582957	ENST00000505458	1
4	102584681	102584820	ENST00000505458	1
4	102593424	102593568	ENST00000505458	1
4	102594891	102594981	ENST00000505458	1
4	102596137	102596332	ENST00000505458	1
4	102597519	102597661	ENST00000505458	1
4	102600894	102601009	ENST00000505458	1
4	102606495	102606697	ENST00000505458	1
4	102607149	102607319	ENST00000505458	1
4	102607648	102607751	ENST00000505458	1
4	102610574	102610699	ENST00000505458	1
4	102612043	102612110	ENST00000505458	1
4	102612433	102612606	ENST00000505458	1
4	102613424	102613581	ENST00000505458	1
4	102525518	102525557	ENST00000505458	1
4	102533847	102533885	ENST00000505458	1
4	102616433	102616594	ENST00000505458	1
