6	42268153	42269590	ENST00000695966	-1
6	42265750	42265797	ENST00000695966	-1
6	42264703	42264854	ENST00000695966	-1
6	42263319	42263568	ENST00000695966	-1
6	42259338	42259723	ENST00000695966	-1
6	42258134	42258201	ENST00000695966	-1
6	42256962	42257102	ENST00000695966	-1
6	42256727	42256831	ENST00000695966	-1
6	42254850	42254926	ENST00000695966	-1
6	42246455	42246544	ENST00000695966	-1
6	42243247	42243361	ENST00000695966	-1
6	42236204	42236411	ENST00000695966	-1
6	42228344	42228669	ENST00000695966	-1
6	42232680	42232892	ENST00000695966	-1
