2	191148075	191148203	ENST00000358470	-1
2	191146612	191146757	ENST00000358470	-1
2	191076226	191076325	ENST00000358470	-1
2	191073097	191073190	ENST00000358470	-1
2	191069692	191069771	ENST00000358470	-1
2	191066429	191066515	ENST00000358470	-1
2	191064806	191064958	ENST00000358470	-1
2	191062761	191062920	ENST00000358470	-1
2	191061728	191061821	ENST00000358470	-1
2	191058709	191058769	ENST00000358470	-1
2	191058201	191058219	ENST00000358470	-1
2	191058017	191058111	ENST00000358470	-1
2	191054489	191054534	ENST00000358470	-1
2	191041064	191041148	ENST00000358470	-1
2	191039198	191039297	ENST00000358470	-1
2	191036163	191036299	ENST00000358470	-1
2	191034547	191034597	ENST00000358470	-1
2	191033910	191034005	ENST00000358470	-1
2	191033489	191033626	ENST00000358470	-1
2	191032957	191033149	ENST00000358470	-1
2	191031449	191031516	ENST00000358470	-1
2	191030971	191031080	ENST00000358470	-1
2	191029839	191029866	ENST00000358470	-1
