19	2164184	2164265	ENST00000398665	1
19	2180712	2180756	ENST00000398665	1
19	2185854	2185929	ENST00000398665	1
19	2189731	2189795	ENST00000398665	1
19	2191011	2191240	ENST00000398665	1
19	2193688	2193783	ENST00000398665	1
19	2194514	2194577	ENST00000398665	1
19	2199883	2199939	ENST00000398665	1
19	2202699	2202779	ENST00000398665	1
19	2206728	2206797	ENST00000398665	1
19	2207573	2207680	ENST00000398665	1
19	2208934	2208976	ENST00000398665	1
19	2210399	2210510	ENST00000398665	1
19	2210620	2210855	ENST00000398665	1
19	2211098	2211212	ENST00000398665	1
19	2211750	2211842	ENST00000398665	1
19	2213538	2213640	ENST00000398665	1
19	2213848	2213986	ENST00000398665	1
19	2214470	2214596	ENST00000398665	1
19	2216280	2216765	ENST00000398665	1
19	2216954	2217090	ENST00000398665	1
19	2217771	2217918	ENST00000398665	1
19	2220107	2220222	ENST00000398665	1
19	2221975	2222559	ENST00000398665	1
19	2223280	2223486	ENST00000398665	1
19	2225387	2225452	ENST00000398665	1
19	2226182	2227127	ENST00000398665	1
19	2229784	2229792	ENST00000398665	1
