7	44104665	44104918	ENST00000223357	1
7	44106545	44106887	ENST00000223357	1
7	44107438	44107510	ENST00000223357	1
7	44107628	44107700	ENST00000223357	1
7	44107808	44107931	ENST00000223357	1
7	44108006	44108084	ENST00000223357	1
7	44108898	44108976	ENST00000223357	1
7	44109106	44109184	ENST00000223357	1
7	44109287	44109341	ENST00000223357	1
7	44110014	44110124	ENST00000223357	1
7	44110206	44110346	ENST00000223357	1
7	44110724	44110809	ENST00000223357	1
7	44110912	44111057	ENST00000223357	1
7	44111153	44111239	ENST00000223357	1
7	44111506	44111630	ENST00000223357	1
7	44111853	44112050	ENST00000223357	1
7	44112141	44112321	ENST00000223357	1
7	44112557	44112909	ENST00000223357	1
7	44112990	44113130	ENST00000223357	1
7	44113251	44113351	ENST00000223357	1
7	44113593	44114261	ENST00000223357	1
