7	74836279	74836378	ENST00000451013	-1
7	74832804	74832943	ENST00000451013	-1
7	74824932	74825052	ENST00000451013	-1
7	74822623	74822807	ENST00000451013	-1
7	74822426	74822455	ENST00000451013	-1
7	74819968	74820023	ENST00000451013	-1
7	74819553	74819597	ENST00000451013	-1
7	74812738	74812816	ENST00000451013	-1
7	74810895	74810952	ENST00000451013	-1
7	74809107	74809173	ENST00000451013	-1
7	74806933	74807011	ENST00000451013	-1
7	74804776	74804860	ENST00000451013	-1
7	74803297	74803481	ENST00000451013	-1
7	74801984	74802013	ENST00000451013	-1
7	74796661	74798265	ENST00000451013	-1
