2	101422361	101422472	ENST00000646893	-1
2	101421723	101421777	ENST00000646893	-1
2	101418850	101418964	ENST00000646893	-1
2	101417533	101417684	ENST00000646893	-1
2	101414853	101414912	ENST00000646893	-1
2	101412914	101413071	ENST00000646893	-1
2	101410618	101410713	ENST00000646893	-1
2	101405942	101406057	ENST00000646893	-1
2	101402435	101402752	ENST00000646893	-1
2	101474201	101474275	ENST00000646893	-1
2	101466776	101466900	ENST00000646893	-1
2	101452384	101452446	ENST00000646893	-1
2	101450593	101450680	ENST00000646893	-1
2	101428955	101429019	ENST00000646893	-1
2	101397547	101397724	ENST00000646893	-1
