19	15418910	15418923	ENST00000397410	-1
19	15410519	15410594	ENST00000397410	-1
19	15404009	15404042	ENST00000397410	-1
19	15403474	15403715	ENST00000397410	-1
19	15401149	15401603	ENST00000397410	-1
19	15400946	15401043	ENST00000397410	-1
19	15400793	15400864	ENST00000397410	-1
19	15400294	15400358	ENST00000397410	-1
19	15399301	15399410	ENST00000397410	-1
19	15397713	15397855	ENST00000397410	-1
19	15397519	15397625	ENST00000397410	-1
19	15397149	15397280	ENST00000397410	-1
19	15380516	15380612	ENST00000397410	-1
19	15380121	15380430	ENST00000397410	-1
