19	42271783	42274577	ENST00000681038	1
19	42286770	42286920	ENST00000681038	1
19	42287005	42287240	ENST00000681038	1
19	42287319	42287449	ENST00000681038	1
19	42287544	42287727	ENST00000681038	1
19	42287809	42287975	ENST00000681038	1
19	42288887	42289090	ENST00000681038	1
19	42289180	42289406	ENST00000681038	1
19	42289847	42289951	ENST00000681038	1
19	42290232	42291466	ENST00000681038	1
19	42291557	42291745	ENST00000681038	1
19	42292085	42292207	ENST00000681038	1
19	42292299	42292466	ENST00000681038	1
19	42293591	42293836	ENST00000681038	1
19	42294172	42294304	ENST00000681038	1
19	42294603	42294735	ENST00000681038	1
19	42294823	42295191	ENST00000681038	1
19	42292565	42292859	ENST00000681038	1
19	42292955	42293281	ENST00000681038	1
19	42293934	42294089	ENST00000681038	1
