2	121285047	121285109	ENST00000263707	-1
2	121281119	121281271	ENST00000263707	-1
2	121249570	121249647	ENST00000263707	-1
2	121248981	121249087	ENST00000263707	-1
2	121248163	121248270	ENST00000263707	-1
2	121246817	121246970	ENST00000263707	-1
2	121242358	121242469	ENST00000263707	-1
2	121239557	121239649	ENST00000263707	-1
2	121237801	121237850	ENST00000263707	-1
2	121237622	121237716	ENST00000263707	-1
2	121235220	121235311	ENST00000263707	-1
2	121234090	121234194	ENST00000263707	-1
2	121231825	121231968	ENST00000263707	-1
2	121225561	121225613	ENST00000263707	-1
2	121224340	121224387	ENST00000263707	-1
