12	56356440	56356571	ENST00000698192	-1
12	56356131	56356285	ENST00000698192	-1
12	56355707	56355803	ENST00000698192	-1
12	56355442	56355532	ENST00000698192	-1
12	56355275	56355351	ENST00000698192	-1
12	56354777	56354863	ENST00000698192	-1
12	56354465	56354614	ENST00000698192	-1
12	56351291	56351450	ENST00000698192	-1
12	56351097	56351190	ENST00000698192	-1
12	56350828	56350888	ENST00000698192	-1
12	56350411	56350432	ENST00000698192	-1
12	56350096	56350190	ENST00000698192	-1
12	56349588	56349636	ENST00000698192	-1
12	56349425	56349509	ENST00000698192	-1
12	56349162	56349261	ENST00000698192	-1
12	56348923	56349059	ENST00000698192	-1
12	56348751	56348804	ENST00000698192	-1
12	56348528	56348623	ENST00000698192	-1
12	56346818	56346955	ENST00000698192	-1
12	56346441	56346624	ENST00000698192	-1
12	56346145	56346203	ENST00000698192	-1
12	56343824	56344135	ENST00000698192	-1
12	56343388	56343531	ENST00000698192	-1
