3	69051944	69052086	ENST00000398559	-1
3	69047357	69048562	ENST00000398559	-1
3	69044491	69044595	ENST00000398559	-1
3	69043749	69043876	ENST00000398559	-1
3	69042806	69042912	ENST00000398559	-1
3	69039550	69039693	ENST00000398559	-1
3	69038842	69039009	ENST00000398559	-1
3	69038563	69038720	ENST00000398559	-1
3	69035022	69035115	ENST00000398559	-1
3	69033547	69033704	ENST00000398559	-1
3	69029814	69030007	ENST00000398559	-1
3	69028225	69028295	ENST00000398559	-1
3	69027899	69027992	ENST00000398559	-1
3	69025995	69026097	ENST00000398559	-1
3	69025559	69025712	ENST00000398559	-1
3	69024054	69024180	ENST00000398559	-1
3	69023176	69023320	ENST00000398559	-1
