18	50286739	50286858	ENST00000285106	-1
18	50286538	50286639	ENST00000285106	-1
18	50286021	50286257	ENST00000285106	-1
18	50285748	50285928	ENST00000285106	-1
18	50285324	50285351	ENST00000285106	-1
18	50285001	50285247	ENST00000285106	-1
18	50284377	50284562	ENST00000285106	-1
18	50283893	50284101	ENST00000285106	-1
18	50283704	50283815	ENST00000285106	-1
18	50283514	50283564	ENST00000285106	-1
18	50283264	50283361	ENST00000285106	-1
18	50282853	50283006	ENST00000285106	-1
18	50284731	50284839	ENST00000285106	-1
18	50287586	50287589	ENST00000285106	-1
18	50282592	50282739	ENST00000285106	-1
