2	191009875	191010003	ENST00000698141	-1
2	191008962	191009107	ENST00000698141	-1
2	191007562	191007661	ENST00000698141	-1
2	191001073	191001163	ENST00000698141	-1
2	190999625	190999704	ENST00000698141	-1
2	190998216	190998308	ENST00000698141	-1
2	190997855	190998007	ENST00000698141	-1
2	190995060	190995219	ENST00000698141	-1
2	190991227	190991320	ENST00000698141	-1
2	190989614	190989674	ENST00000698141	-1
2	190987038	190987068	ENST00000698141	-1
2	190986853	190986947	ENST00000698141	-1
2	190985618	190985660	ENST00000698141	-1
2	190984309	190984393	ENST00000698141	-1
2	190983641	190983740	ENST00000698141	-1
2	190982382	190982518	ENST00000698141	-1
2	190980619	190980669	ENST00000698141	-1
2	190979771	190979866	ENST00000698141	-1
2	190978855	190979001	ENST00000698141	-1
2	190976839	190977025	ENST00000698141	-1
2	190975811	190975887	ENST00000698141	-1
2	190974829	190974932	ENST00000698141	-1
2	190970702	190970717	ENST00000698141	-1
