1	161778243	161778320	ENST00000367942	1
1	161781911	161781999	ENST00000367942	1
1	161783989	161784096	ENST00000367942	1
1	161791407	161791537	ENST00000367942	1
1	161792123	161792327	ENST00000367942	1
1	161802051	161802272	ENST00000367942	1
1	161819632	161819818	ENST00000367942	1
1	161821069	161821161	ENST00000367942	1
1	161846448	161846580	ENST00000367942	1
1	161853223	161853323	ENST00000367942	1
1	161860206	161860277	ENST00000367942	1
1	161863197	161863312	ENST00000367942	1
1	161912295	161912380	ENST00000367942	1
1	161851721	161851835	ENST00000367942	1
1	161766360	161766442	ENST00000367942	1
1	161958445	161958654	ENST00000367942	1
