12	69825517	69825563	ENST00000552032	1
12	69855279	69855370	ENST00000552032	1
12	69879027	69879095	ENST00000552032	1
12	69879194	69879453	ENST00000552032	1
12	69880200	69880292	ENST00000552032	1
12	69886819	69886970	ENST00000552032	1
12	69890970	69891166	ENST00000552032	1
12	69893763	69893840	ENST00000552032	1
12	69895370	69895481	ENST00000552032	1
12	69897155	69897246	ENST00000552032	1
12	69903643	69903844	ENST00000552032	1
12	69909968	69910077	ENST00000552032	1
12	69910820	69910930	ENST00000552032	1
12	69926570	69926734	ENST00000552032	1
12	69927684	69927748	ENST00000552032	1
12	69932512	69932598	ENST00000552032	1
12	69936112	69936187	ENST00000552032	1
12	69936282	69936335	ENST00000552032	1
12	69936452	69936632	ENST00000552032	1
12	69952112	69952175	ENST00000552032	1
12	69952798	69952886	ENST00000552032	1
12	69955362	69955437	ENST00000552032	1
12	69957821	69957942	ENST00000552032	1
12	69958248	69958323	ENST00000552032	1
12	69958444	69958531	ENST00000552032	1
