11	9471308	9471420	ENST00000396602	1
11	9472676	9472769	ENST00000396602	1
11	9473940	9474024	ENST00000396602	1
11	9474549	9474633	ENST00000396602	1
11	9478389	9478586	ENST00000396602	1
11	9479471	9479546	ENST00000396602	1
11	9494645	9494765	ENST00000396602	1
11	9496302	9496378	ENST00000396602	1
11	9497674	9497800	ENST00000396602	1
11	9501090	9501270	ENST00000396602	1
11	9508618	9508846	ENST00000396602	1
11	9512447	9512596	ENST00000396602	1
11	9516200	9516362	ENST00000396602	1
11	9525239	9525386	ENST00000396602	1
11	9527529	9527613	ENST00000396602	1
