21	44286006	44286138	ENST00000291582	1
21	44286556	44286731	ENST00000291582	1
21	44286977	44287133	ENST00000291582	1
21	44287516	44287591	ENST00000291582	1
21	44288344	44288458	ENST00000291582	1
21	44289656	44289802	ENST00000291582	1
21	44289987	44290068	ENST00000291582	1
21	44291094	44291210	ENST00000291582	1
21	44292301	44292401	ENST00000291582	1
21	44292992	44293175	ENST00000291582	1
21	44293788	44293910	ENST00000291582	1
21	44294400	44294503	ENST00000291582	1
21	44296382	44296445	ENST00000291582	1
21	44297655	44297727	ENST00000291582	1
