20	43515008	43515159	ENST00000427442	1
20	43515291	43515415	ENST00000427442	1
20	43516092	43516177	ENST00000427442	1
20	43528656	43528745	ENST00000427442	1
20	43529263	43529368	ENST00000427442	1
20	43530283	43530419	ENST00000427442	1
20	43530797	43530889	ENST00000427442	1
20	43532772	43532924	ENST00000427442	1
20	43533341	43533418	ENST00000427442	1
20	43534007	43534093	ENST00000427442	1
20	43534283	43534394	ENST00000427442	1
20	43534827	43534942	ENST00000427442	1
20	43535836	43535936	ENST00000427442	1
20	43536096	43536294	ENST00000427442	1
20	43536408	43536458	ENST00000427442	1
20	43540150	43540308	ENST00000427442	1
20	43540752	43540815	ENST00000427442	1
20	43513837	43514061	ENST00000427442	1
20	43514634	43514776	ENST00000427442	1
20	43513569	43513639	ENST00000427442	1
20	43540933	43541128	ENST00000427442	1
