15	41668894	41669958	ENST00000219905	1
15	41696074	41697023	ENST00000219905	1
15	41698862	41698941	ENST00000219905	1
15	41699063	41699159	ENST00000219905	1
15	41707727	41707859	ENST00000219905	1
15	41708103	41708208	ENST00000219905	1
15	41710690	41711349	ENST00000219905	1
15	41713150	41713496	ENST00000219905	1
15	41727179	41727406	ENST00000219905	1
15	41729163	41729349	ENST00000219905	1
15	41734521	41734594	ENST00000219905	1
15	41736180	41736698	ENST00000219905	1
15	41742545	41743172	ENST00000219905	1
15	41748636	41748927	ENST00000219905	1
15	41749110	41750615	ENST00000219905	1
15	41754436	41754567	ENST00000219905	1
15	41757787	41757839	ENST00000219905	1
15	41760322	41760529	ENST00000219905	1
15	41761738	41761850	ENST00000219905	1
15	41740052	41740203	ENST00000219905	1
15	41762128	41762362	ENST00000219905	1
15	41764885	41765062	ENST00000219905	1
15	41766003	41767280	ENST00000219905	1
