7	74508080	74508203	ENST00000265755	1
7	74512829	74512971	ENST00000265755	1
7	74515440	74515596	ENST00000265755	1
7	74518138	74518322	ENST00000265755	1
7	74519408	74519719	ENST00000265755	1
7	74521207	74521297	ENST00000265755	1
7	74524070	74524154	ENST00000265755	1
7	74529733	74529917	ENST00000265755	1
7	74535112	74535138	ENST00000265755	1
7	74536166	74536275	ENST00000265755	1
7	74538135	74538173	ENST00000265755	1
7	74538679	74538760	ENST00000265755	1
7	74539878	74539968	ENST00000265755	1
7	74544754	74544802	ENST00000265755	1
7	74545743	74545809	ENST00000265755	1
7	74547102	74547286	ENST00000265755	1
7	74555173	74555223	ENST00000265755	1
7	74555392	74555494	ENST00000265755	1
7	74557638	74557722	ENST00000265755	1
7	74558860	74559044	ENST00000265755	1
7	74559626	74559655	ENST00000265755	1
7	74589850	74589928	ENST00000265755	1
7	74590824	74591017	ENST00000265755	1
7	74595013	74595051	ENST00000265755	1
7	74601043	74601180	ENST00000265755	1
7	74602364	74602433	ENST00000265755	1
