9	113876380	113876413	ENST00000374126	1
9	113969116	113969160	ENST00000374126	1
9	113988320	113988580	ENST00000374126	1
9	113998258	113998354	ENST00000374126	1
9	114001995	114002073	ENST00000374126	1
9	114002623	114002662	ENST00000374126	1
9	114007349	114007439	ENST00000374126	1
9	114008343	114008379	ENST00000374126	1
9	114008476	114008554	ENST00000374126	1
9	114016694	114016784	ENST00000374126	1
9	114028732	114028972	ENST00000374126	1
9	114032644	114032728	ENST00000374126	1
9	114036299	114036377	ENST00000374126	1
9	114047892	114047994	ENST00000374126	1
9	114048650	114050167	ENST00000374126	1
