6	44387823	44387868	ENST00000371477	1
6	44390267	44390371	ENST00000371477	1
6	44392666	44392828	ENST00000371477	1
6	44393445	44393573	ENST00000371477	1
6	44396340	44396440	ENST00000371477	1
6	44403808	44404027	ENST00000371477	1
6	44406322	44406467	ENST00000371477	1
6	44408443	44408632	ENST00000371477	1
6	44419448	44419597	ENST00000371477	1
6	44422646	44422809	ENST00000371477	1
6	44424418	44424583	ENST00000371477	1
6	44426102	44426183	ENST00000371477	1
6	44426481	44426724	ENST00000371477	1
6	44429712	44429910	ENST00000371477	1
6	44445654	44445867	ENST00000371477	1
6	44446606	44446711	ENST00000371477	1
