2	37231411	37231567	ENST00000234170	-1
2	37227543	37229036	ENST00000234170	-1
2	37223169	37223401	ENST00000234170	-1
2	37222379	37222563	ENST00000234170	-1
2	37220384	37220473	ENST00000234170	-1
2	37216983	37217037	ENST00000234170	-1
2	37216315	37216418	ENST00000234170	-1
2	37216139	37216208	ENST00000234170	-1
2	37214885	37214952	ENST00000234170	-1
2	37213863	37213961	ENST00000234170	-1
2	37212334	37212392	ENST00000234170	-1
2	37211842	37212039	ENST00000234170	-1
2	37210998	37211082	ENST00000234170	-1
2	37202949	37203008	ENST00000234170	-1
2	37202783	37202865	ENST00000234170	-1
2	37201763	37201903	ENST00000234170	-1
