11	20387746	20387774	ENST00000331079	1
11	20392896	20392999	ENST00000331079	1
11	20395802	20395962	ENST00000331079	1
11	20397576	20397721	ENST00000331079	1
11	20402918	20402984	ENST00000331079	1
11	20407910	20408032	ENST00000331079	1
11	20426765	20426865	ENST00000331079	1
11	20452129	20452208	ENST00000331079	1
11	20461979	20462167	ENST00000331079	1
11	20464459	20464546	ENST00000331079	1
11	20493918	20493969	ENST00000331079	1
11	20494166	20494254	ENST00000331079	1
11	20388018	20388154	ENST00000331079	1
11	20389743	20389826	ENST00000331079	1
11	20392210	20392260	ENST00000331079	1
11	20508303	20508413	ENST00000331079	1
