2	24658677	24658766	ENST00000348332	1
2	24665748	24665915	ENST00000348332	1
2	24673365	24673463	ENST00000348332	1
2	24682950	24683128	ENST00000348332	1
2	24691480	24691660	ENST00000348332	1
2	24693251	24693347	ENST00000348332	1
2	24697657	24697798	ENST00000348332	1
2	24705085	24705233	ENST00000348332	1
2	24706567	24707888	ENST00000348332	1
2	24710930	24711111	ENST00000348332	1
2	24726588	24726706	ENST00000348332	1
2	24728307	24728476	ENST00000348332	1
2	24729500	24729815	ENST00000348332	1
2	24739431	24739533	ENST00000348332	1
2	24741783	24742186	ENST00000348332	1
2	24751981	24752156	ENST00000348332	1
2	24757972	24758156	ENST00000348332	1
2	24762686	24762776	ENST00000348332	1
2	24768220	24768391	ENST00000348332	1
