20	64198861	64198916	ENST00000650655	1
20	64199891	64199922	ENST00000650655	1
20	64205034	64205097	ENST00000650655	1
20	64205552	64205800	ENST00000650655	1
20	64211205	64211340	ENST00000650655	1
20	64212047	64212138	ENST00000650655	1
20	64213533	64213647	ENST00000650655	1
20	64217066	64217281	ENST00000650655	1
20	64218910	64219035	ENST00000650655	1
20	64219712	64219982	ENST00000650655	1
20	64221892	64222047	ENST00000650655	1
20	64223110	64223173	ENST00000650655	1
20	64227414	64227477	ENST00000650655	1
20	64207593	64208487	ENST00000650655	1
20	64223290	64223359	ENST00000650655	1
20	64227887	64227971	ENST00000650655	1
20	64232163	64232385	ENST00000650655	1
20	64236554	64236646	ENST00000650655	1
20	64237286	64237390	ENST00000650655	1
20	64239759	64239903	ENST00000650655	1
20	64240319	64240448	ENST00000650655	1
