9	120874555	120874741	ENST00000373896	-1
9	120873978	120874060	ENST00000373896	-1
9	120870442	120870538	ENST00000373896	-1
9	120869844	120869945	ENST00000373896	-1
9	120869181	120869330	ENST00000373896	-1
9	120866869	120866965	ENST00000373896	-1
9	120866027	120866096	ENST00000373896	-1
9	120865709	120865830	ENST00000373896	-1
9	120864048	120864116	ENST00000373896	-1
9	120862587	120862749	ENST00000373896	-1
9	120861917	120862005	ENST00000373896	-1
9	120861088	120861174	ENST00000373896	-1
9	120860089	120860185	ENST00000373896	-1
9	120857943	120858286	ENST00000373896	-1
