17	42289865	42290022	ENST00000677301	1
17	42291971	42292061	ENST00000677301	1
17	42295618	42295793	ENST00000677301	1
17	42299750	42299881	ENST00000677301	1
17	42300129	42300281	ENST00000677301	1
17	42300714	42300870	ENST00000677301	1
17	42301274	42301454	ENST00000677301	1
17	42304341	42304429	ENST00000677301	1
17	42304529	42304652	ENST00000677301	1
17	42305609	42305702	ENST00000677301	1
17	42306240	42306447	ENST00000677301	1
17	42307401	42307496	ENST00000677301	1
17	42307592	42307723	ENST00000677301	1
17	42308177	42308333	ENST00000677301	1
17	42309046	42309098	ENST00000677301	1
17	42309376	42309484	ENST00000677301	1
17	42310506	42310669	ENST00000677301	1
17	42289411	42289539	ENST00000677301	1
