7	73616070	73616177	ENST00000313375	-1
7	73607589	73607672	ENST00000313375	-1
7	73607330	73607420	ENST00000313375	-1
7	73606973	73607018	ENST00000313375	-1
7	73605909	73606111	ENST00000313375	-1
7	73605687	73605768	ENST00000313375	-1
7	73599525	73599695	ENST00000313375	-1
7	73597181	73597713	ENST00000313375	-1
7	73596864	73596932	ENST00000313375	-1
7	73596638	73596789	ENST00000313375	-1
7	73596363	73596479	ENST00000313375	-1
7	73595841	73595969	ENST00000313375	-1
7	73595636	73595760	ENST00000313375	-1
7	73594273	73594403	ENST00000313375	-1
7	73596152	73596272	ENST00000313375	-1
7	73624199	73624492	ENST00000313375	-1
7	73593864	73593983	ENST00000313375	-1
