19	13993524	13993843	ENST00000254325	-1
19	13983485	13983595	ENST00000254325	-1
19	13983186	13983270	ENST00000254325	-1
19	13982120	13982228	ENST00000254325	-1
19	13980572	13980689	ENST00000254325	-1
19	13979446	13979542	ENST00000254325	-1
19	13977991	13978086	ENST00000254325	-1
19	13972742	13973127	ENST00000254325	-1
19	13969993	13970175	ENST00000254325	-1
19	13968774	13968894	ENST00000254325	-1
19	13968564	13968680	ENST00000254325	-1
19	13966632	13966751	ENST00000254325	-1
19	13966420	13966530	ENST00000254325	-1
19	13965625	13965777	ENST00000254325	-1
19	13965448	13965546	ENST00000254325	-1
19	13963857	13964007	ENST00000254325	-1
19	13963537	13963746	ENST00000254325	-1
19	13963121	13963275	ENST00000254325	-1
19	13962993	13963039	ENST00000254325	-1
19	13962694	13962864	ENST00000254325	-1
