20	43673805	43673899	ENST00000217026	1
20	43682793	43682886	ENST00000217026	1
20	43686851	43687072	ENST00000217026	1
20	43692156	43692319	ENST00000217026	1
20	43699756	43700044	ENST00000217026	1
20	43702489	43702903	ENST00000217026	1
20	43705218	43705358	ENST00000217026	1
20	43709962	43710062	ENST00000217026	1
20	43711487	43711601	ENST00000217026	1
20	43713001	43713106	ENST00000217026	1
20	43715133	43715283	ENST00000217026	1
20	43667283	43667303	ENST00000217026	1
20	43681783	43681855	ENST00000217026	1
20	43715958	43716087	ENST00000217026	1
