2	230328756	230328831	ENST00000415673	1
2	230357804	230357967	ENST00000415673	1
2	230358963	230359132	ENST00000415673	1
2	230361613	230361697	ENST00000415673	1
2	230370907	230370967	ENST00000415673	1
2	230371597	230371651	ENST00000415673	1
2	230383509	230383575	ENST00000415673	1
2	230385223	230385304	ENST00000415673	1
2	230388558	230388633	ENST00000415673	1
2	230389918	230390023	ENST00000415673	1
2	230392086	230392229	ENST00000415673	1
2	230393413	230393461	ENST00000415673	1
2	230396756	230396798	ENST00000415673	1
2	230327269	230327301	ENST00000415673	1
2	230400126	230400242	ENST00000415673	1
2	230400954	230401063	ENST00000415673	1
2	230401365	230401443	ENST00000415673	1
2	230401663	230401807	ENST00000415673	1
2	230402797	230402896	ENST00000415673	1
