16	4846173	4846210	ENST00000321919	-1
16	4845073	4845153	ENST00000321919	-1
16	4832773	4832912	ENST00000321919	-1
16	4831978	4832221	ENST00000321919	-1
16	4823820	4823907	ENST00000321919	-1
16	4822874	4822931	ENST00000321919	-1
16	4821379	4821453	ENST00000321919	-1
16	4817597	4817697	ENST00000321919	-1
16	4814536	4814647	ENST00000321919	-1
16	4813736	4813838	ENST00000321919	-1
16	4812085	4812248	ENST00000321919	-1
16	4811622	4811802	ENST00000321919	-1
16	4811169	4811294	ENST00000321919	-1
16	4805235	4805310	ENST00000321919	-1
16	4821546	4821597	ENST00000321919	-1
16	4847227	4847265	ENST00000321919	-1
