12	111034177	111034240	ENST00000261726	1
12	111214199	111214310	ENST00000261726	1
12	111217889	111217937	ENST00000261726	1
12	111263760	111263839	ENST00000261726	1
12	111291417	111291552	ENST00000261726	1
12	111293445	111293569	ENST00000261726	1
12	111295332	111295409	ENST00000261726	1
12	111296472	111296539	ENST00000261726	1
12	111298540	111298589	ENST00000261726	1
12	111304209	111304314	ENST00000261726	1
12	111306920	111307112	ENST00000261726	1
12	111307198	111307257	ENST00000261726	1
12	111308284	111308333	ENST00000261726	1
12	111308426	111308526	ENST00000261726	1
12	111310040	111310682	ENST00000261726	1
12	111312099	111312201	ENST00000261726	1
12	111320011	111320775	ENST00000261726	1
12	111322420	111322580	ENST00000261726	1
12	111334440	111334710	ENST00000261726	1
12	111338285	111338474	ENST00000261726	1
12	111341779	111342053	ENST00000261726	1
12	111347523	111348325	ENST00000261726	1
