20	45792004	45792109	ENST00000372622	1
20	45792676	45792747	ENST00000372622	1
20	45793920	45794017	ENST00000372622	1
20	45795344	45795443	ENST00000372622	1
20	45801073	45801142	ENST00000372622	1
20	45801401	45801458	ENST00000372622	1
20	45801998	45802057	ENST00000372622	1
20	45803332	45803378	ENST00000372622	1
20	45805145	45805204	ENST00000372622	1
20	45805305	45805366	ENST00000372622	1
20	45809113	45809185	ENST00000372622	1
20	45810884	45810940	ENST00000372622	1
20	45811056	45811195	ENST00000372622	1
