15	56919913	56919988	ENST00000557843	1
15	56921025	56921098	ENST00000557843	1
15	57063749	57063823	ENST00000557843	1
15	57091788	57091891	ENST00000557843	1
15	57166401	57166466	ENST00000557843	1
15	57192157	57192293	ENST00000557843	1
15	57197772	57197825	ENST00000557843	1
15	57231151	57231257	ENST00000557843	1
15	57232290	57232430	ENST00000557843	1
15	57232711	57232856	ENST00000557843	1
15	57234042	57234107	ENST00000557843	1
15	57243471	57243550	ENST00000557843	1
15	57251349	57251423	ENST00000557843	1
15	57253261	57253468	ENST00000557843	1
15	57262093	57262208	ENST00000557843	1
15	57263111	57263274	ENST00000557843	1
15	57273029	57273262	ENST00000557843	1
15	57282444	57282587	ENST00000557843	1
