6	57099060	57099141	ENST00000370706	1
6	57124733	57124859	ENST00000370706	1
6	57128728	57128840	ENST00000370706	1
6	57090810	57090894	ENST00000370706	1
6	57133041	57133192	ENST00000370706	1
6	57134743	57134870	ENST00000370706	1
6	57141301	57141455	ENST00000370706	1
6	57141947	57142095	ENST00000370706	1
6	57147089	57148693	ENST00000370706	1
6	57152220	57152351	ENST00000370706	1
6	57153860	57154047	ENST00000370706	1
6	57161083	57161152	ENST00000370706	1
6	57090253	57090274	ENST00000370706	1
6	57150718	57150862	ENST00000370706	1
6	57168422	57168469	ENST00000370706	1
