2	27599582	27599678	ENST00000355467	1
2	27599969	27600053	ENST00000355467	1
2	27600690	27600815	ENST00000355467	1
2	27601355	27601442	ENST00000355467	1
2	27602462	27602561	ENST00000355467	1
2	27603139	27603307	ENST00000355467	1
2	27607844	27608039	ENST00000355467	1
2	27615167	27615269	ENST00000355467	1
2	27616261	27616324	ENST00000355467	1
2	27617472	27617571	ENST00000355467	1
2	27583657	27583716	ENST00000355467	1
2	27583112	27583142	ENST00000355467	1
2	27598066	27598254	ENST00000355467	1
2	27621152	27621461	ENST00000355467	1
