12	92929042	92929066	ENST00000322349	-1
12	92891628	92891721	ENST00000322349	-1
12	92864859	92864987	ENST00000322349	-1
12	92857430	92857485	ENST00000322349	-1
12	92857274	92857340	ENST00000322349	-1
12	92853914	92853954	ENST00000322349	-1
12	92852911	92853025	ENST00000322349	-1
12	92852174	92852296	ENST00000322349	-1
12	92851110	92851266	ENST00000322349	-1
12	92842464	92842581	ENST00000322349	-1
12	92832511	92832850	ENST00000322349	-1
12	92827911	92828061	ENST00000322349	-1
12	92826165	92826285	ENST00000322349	-1
12	92819307	92819511	ENST00000322349	-1
12	92816199	92816400	ENST00000322349	-1
12	92812979	92813093	ENST00000322349	-1
12	92811278	92811434	ENST00000322349	-1
12	92809016	92809156	ENST00000322349	-1
12	92802403	92802734	ENST00000322349	-1
12	92801599	92801701	ENST00000322349	-1
12	92798891	92799086	ENST00000322349	-1
12	92787866	92788049	ENST00000322349	-1
12	92781949	92782135	ENST00000322349	-1
12	92780279	92780411	ENST00000322349	-1
12	92779114	92779300	ENST00000322349	-1
12	92777940	92778179	ENST00000322349	-1
12	92777542	92777663	ENST00000322349	-1
12	92776843	92776942	ENST00000322349	-1
12	92776010	92776133	ENST00000322349	-1
