4	55482738	55482785	ENST00000309964	-1
4	55479639	55479699	ENST00000309964	-1
4	55478814	55478963	ENST00000309964	-1
4	55475962	55476054	ENST00000309964	-1
4	55470716	55470806	ENST00000309964	-1
4	55463684	55463805	ENST00000309964	-1
4	55459147	55459261	ENST00000309964	-1
4	55458891	55459010	ENST00000309964	-1
4	55456217	55456300	ENST00000309964	-1
4	55455896	55456003	ENST00000309964	-1
4	55453676	55453824	ENST00000309964	-1
4	55453053	55453129	ENST00000309964	-1
4	55450090	55450232	ENST00000309964	-1
4	55449395	55449496	ENST00000309964	-1
4	55448778	55448868	ENST00000309964	-1
4	55444632	55444785	ENST00000309964	-1
4	55443686	55443896	ENST00000309964	-1
4	55442431	55442634	ENST00000309964	-1
4	55438281	55438537	ENST00000309964	-1
4	55435414	55435594	ENST00000309964	-1
