8	101492769	101492789	ENST00000646743	1
8	101543240	101543436	ENST00000646743	1
8	101552714	101552782	ENST00000646743	1
8	101558418	101558812	ENST00000646743	1
8	101570338	101570394	ENST00000646743	1
8	101573667	101573824	ENST00000646743	1
8	101577407	101577519	ENST00000646743	1
8	101599056	101599151	ENST00000646743	1
8	101619538	101619697	ENST00000646743	1
8	101631636	101631724	ENST00000646743	1
8	101632225	101632365	ENST00000646743	1
8	101636896	101636928	ENST00000646743	1
8	101644130	101644225	ENST00000646743	1
8	101649413	101649499	ENST00000646743	1
8	101664453	101664518	ENST00000646743	1
8	101666588	101666703	ENST00000646743	1
