8	66612818	66612838	ENST00000522677	-1
8	66602417	66602523	ENST00000522677	-1
8	66601697	66601769	ENST00000522677	-1
8	66599049	66599142	ENST00000522677	-1
8	66597329	66597550	ENST00000522677	-1
8	66595582	66595757	ENST00000522677	-1
8	66593119	66593194	ENST00000522677	-1
8	66592439	66592544	ENST00000522677	-1
8	66580132	66580366	ENST00000522677	-1
8	66576006	66576375	ENST00000522677	-1
8	66573363	66573506	ENST00000522677	-1
8	66572481	66572596	ENST00000522677	-1
8	66566875	66566992	ENST00000522677	-1
8	66566683	66566788	ENST00000522677	-1
8	66566063	66566243	ENST00000522677	-1
8	66564696	66564825	ENST00000522677	-1
