11	13354308	13354448	ENST00000529388	1
11	13356738	13356777	ENST00000529388	1
11	13357054	13357096	ENST00000529388	1
11	13358433	13358591	ENST00000529388	1
11	13360344	13360424	ENST00000529388	1
11	13365499	13365592	ENST00000529388	1
11	13366664	13366782	ENST00000529388	1
11	13369617	13369767	ENST00000529388	1
11	13372162	13372409	ENST00000529388	1
11	13374094	13374201	ENST00000529388	1
11	13375611	13375762	ENST00000529388	1
11	13376639	13376728	ENST00000529388	1
11	13378336	13378445	ENST00000529388	1
11	13381160	13381254	ENST00000529388	1
11	13385688	13385791	ENST00000529388	1
11	13386595	13386756	ENST00000529388	1
