7	75112396	75112535	ENST00000472837	1
7	75120890	75121010	ENST00000472837	1
7	75123135	75123319	ENST00000472837	1
7	75123487	75123516	ENST00000472837	1
7	75125915	75125970	ENST00000472837	1
7	75126341	75126385	ENST00000472837	1
7	75133134	75133212	ENST00000472837	1
7	75135000	75135057	ENST00000472837	1
7	75136784	75136850	ENST00000472837	1
7	75138949	75139027	ENST00000472837	1
7	75141102	75141186	ENST00000472837	1
7	75142481	75142665	ENST00000472837	1
7	75108964	75109063	ENST00000472837	1
7	75143949	75143978	ENST00000472837	1
7	75147693	75149297	ENST00000472837	1
