6	122399737	122399830	ENST00000368455	1
6	122412372	122412481	ENST00000368455	1
6	122412636	122412764	ENST00000368455	1
6	122413524	122413649	ENST00000368455	1
6	122416220	122416296	ENST00000368455	1
6	122419167	122419229	ENST00000368455	1
6	122420134	122420222	ENST00000368455	1
6	122422149	122422298	ENST00000368455	1
6	122422717	122422957	ENST00000368455	1
6	122423580	122423686	ENST00000368455	1
6	122427902	122427956	ENST00000368455	1
6	122431429	122431514	ENST00000368455	1
6	122431924	122432220	ENST00000368455	1
