17	2343544	2343620	ENST00000426855	1
17	2361636	2361799	ENST00000426855	1
17	2362108	2362270	ENST00000426855	1
17	2362837	2362905	ENST00000426855	1
17	2362988	2363134	ENST00000426855	1
17	2363464	2363599	ENST00000426855	1
17	2364058	2364183	ENST00000426855	1
17	2364595	2364663	ENST00000426855	1
17	2364896	2365057	ENST00000426855	1
17	2365214	2365341	ENST00000426855	1
17	2371261	2371415	ENST00000426855	1
17	2372189	2372254	ENST00000426855	1
17	2372342	2372488	ENST00000426855	1
17	2372952	2373081	ENST00000426855	1
17	2373330	2373513	ENST00000426855	1
17	2375491	2375875	ENST00000426855	1
17	2376136	2376261	ENST00000426855	1
17	2376732	2376815	ENST00000426855	1
17	2376958	2377068	ENST00000426855	1
17	2377856	2377953	ENST00000426855	1
17	2379035	2379203	ENST00000426855	1
17	2337688	2337745	ENST00000426855	1
17	2379431	2379520	ENST00000426855	1
