18	55587044	55587116	ENST00000356073	-1
18	55585279	55585352	ENST00000356073	-1
18	55464075	55464137	ENST00000356073	-1
18	55461018	55461115	ENST00000356073	-1
18	55403453	55403518	ENST00000356073	-1
18	55350873	55351003	ENST00000356073	-1
18	55350358	55350408	ENST00000356073	-1
18	55279550	55279656	ENST00000356073	-1
18	55275618	55275752	ENST00000356073	-1
18	55269830	55269963	ENST00000356073	-1
18	55261465	55261533	ENST00000356073	-1
18	55259948	55260027	ENST00000356073	-1
18	55257314	55257391	ENST00000356073	-1
18	55254496	55254700	ENST00000356073	-1
18	55234547	55234683	ENST00000356073	-1
18	55228846	55229076	ENST00000356073	-1
18	55228224	55228361	ENST00000356073	-1
18	55232520	55232671	ENST00000356073	-1
