2	46346872	46347063	ENST00000263734	1
2	46356150	46356302	ENST00000263734	1
2	46356723	46356808	ENST00000263734	1
2	46360637	46360756	ENST00000263734	1
2	46360884	46361090	ENST00000263734	1
2	46297911	46297937	ENST00000263734	1
2	46369826	46369933	ENST00000263734	1
2	46375689	46375837	ENST00000263734	1
2	46376538	46376753	ENST00000263734	1
2	46377893	46378087	ENST00000263734	1
2	46378656	46378767	ENST00000263734	1
2	46380226	46380717	ENST00000263734	1
2	46381595	46381722	ENST00000263734	1
2	46381974	46382089	ENST00000263734	1
2	46382424	46382598	ENST00000263734	1
2	46384508	46384660	ENST00000263734	1
