2	230416296	230416328	ENST00000264052	1
2	230417590	230417665	ENST00000264052	1
2	230442936	230443099	ENST00000264052	1
2	230444177	230444346	ENST00000264052	1
2	230446818	230446902	ENST00000264052	1
2	230449087	230449150	ENST00000264052	1
2	230449560	230449710	ENST00000264052	1
2	230450171	230450255	ENST00000264052	1
2	230461261	230461414	ENST00000264052	1
2	230462434	230462518	ENST00000264052	1
2	230464066	230464150	ENST00000264052	1
2	230466300	230466354	ENST00000264052	1
2	230467119	230467215	ENST00000264052	1
2	230469042	230469096	ENST00000264052	1
2	230470014	230470098	ENST00000264052	1
2	230473323	230473440	ENST00000264052	1
2	230474393	230474447	ENST00000264052	1
2	230494415	230494460	ENST00000264052	1
2	230498460	230498535	ENST00000264052	1
2	230503065	230503110	ENST00000264052	1
2	230504185	230504290	ENST00000264052	1
2	230506302	230506445	ENST00000264052	1
2	230507992	230508031	ENST00000264052	1
2	230511124	230511166	ENST00000264052	1
2	230515094	230515640	ENST00000264052	1
