19	47540892	47540951	ENST00000391901	-1
19	47540175	47540335	ENST00000391901	-1
19	47539704	47539878	ENST00000391901	-1
19	47521853	47521994	ENST00000391901	-1
19	47521478	47521654	ENST00000391901	-1
19	47521223	47521377	ENST00000391901	-1
19	47555549	47555856	ENST00000391901	-1
19	47549244	47549485	ENST00000391901	-1
19	47544125	47545980	ENST00000391901	-1
19	47538141	47538439	ENST00000391901	-1
19	47532908	47532972	ENST00000391901	-1
19	47532127	47532270	ENST00000391901	-1
19	47531641	47531745	ENST00000391901	-1
19	47529576	47529652	ENST00000391901	-1
19	47528949	47529038	ENST00000391901	-1
