16	30700824	30700878	ENST00000262518	1
16	30704063	30704315	ENST00000262518	1
16	30707182	30707368	ENST00000262518	1
16	30707571	30707712	ENST00000262518	1
16	30709512	30709735	ENST00000262518	1
16	30709850	30710128	ENST00000262518	1
16	30710753	30710847	ENST00000262518	1
16	30710998	30711088	ENST00000262518	1
16	30711570	30711744	ENST00000262518	1
16	30711834	30712157	ENST00000262518	1
16	30712261	30712439	ENST00000262518	1
16	30712678	30712815	ENST00000262518	1
16	30713207	30713377	ENST00000262518	1
16	30713518	30713711	ENST00000262518	1
16	30716065	30716202	ENST00000262518	1
16	30716292	30716479	ENST00000262518	1
16	30720161	30720331	ENST00000262518	1
16	30720712	30720978	ENST00000262518	1
16	30721188	30721476	ENST00000262518	1
16	30722121	30722286	ENST00000262518	1
16	30722562	30722748	ENST00000262518	1
16	30722962	30723229	ENST00000262518	1
16	30723583	30725082	ENST00000262518	1
16	30728965	30729231	ENST00000262518	1
16	30729369	30729572	ENST00000262518	1
16	30733279	30733449	ENST00000262518	1
16	30733601	30733798	ENST00000262518	1
16	30733893	30734008	ENST00000262518	1
16	30734495	30734615	ENST00000262518	1
16	30736199	30736394	ENST00000262518	1
16	30736540	30736624	ENST00000262518	1
16	30737048	30739733	ENST00000262518	1
