7	87164941	87165050	ENST00000394703	1
7	87166482	87166605	ENST00000394703	1
7	87170994	87171089	ENST00000394703	1
7	87173534	87173649	ENST00000394703	1
7	87174592	87174669	ENST00000394703	1
7	87179544	87179702	ENST00000394703	1
7	87181308	87181341	ENST00000394703	1
7	87182227	87182337	ENST00000394703	1
7	87184396	87184625	ENST00000394703	1
7	87185828	87185980	ENST00000394703	1
7	87188091	87188301	ENST00000394703	1
7	87190944	87191027	ENST00000394703	1
7	87193197	87193353	ENST00000394703	1
7	87193724	87194102	ENST00000394703	1
7	87194683	87194828	ENST00000394703	1
7	87195030	87195140	ENST00000394703	1
