19	35719468	35719541	ENST00000420124	1
19	35722358	35722472	ENST00000420124	1
19	35722567	35722718	ENST00000420124	1
19	35722994	35723274	ENST00000420124	1
19	35723446	35723502	ENST00000420124	1
19	35723731	35724007	ENST00000420124	1
19	35724636	35724731	ENST00000420124	1
19	35724988	35725087	ENST00000420124	1
19	35725219	35725333	ENST00000420124	1
19	35725478	35725625	ENST00000420124	1
19	35725722	35725818	ENST00000420124	1
19	35726235	35726353	ENST00000420124	1
19	35727155	35727269	ENST00000420124	1
19	35727437	35727622	ENST00000420124	1
19	35727697	35727787	ENST00000420124	1
19	35727880	35727985	ENST00000420124	1
19	35728097	35728171	ENST00000420124	1
19	35728773	35728889	ENST00000420124	1
19	35728984	35729076	ENST00000420124	1
19	35729158	35729296	ENST00000420124	1
19	35729966	35730125	ENST00000420124	1
19	35730341	35730462	ENST00000420124	1
19	35730537	35730616	ENST00000420124	1
19	35730706	35730867	ENST00000420124	1
19	35731907	35732135	ENST00000420124	1
19	35732214	35733508	ENST00000420124	1
19	35733596	35733686	ENST00000420124	1
19	35733762	35733872	ENST00000420124	1
19	35736689	35736827	ENST00000420124	1
19	35736911	35736986	ENST00000420124	1
19	35737085	35737263	ENST00000420124	1
19	35737635	35737743	ENST00000420124	1
19	35737858	35737942	ENST00000420124	1
19	35738061	35738191	ENST00000420124	1
19	35718018	35718381	ENST00000420124	1
19	35719783	35721804	ENST00000420124	1
19	35738281	35738557	ENST00000420124	1
