19	5626404	5626489	ENST00000292123	1
19	5623205	5623394	ENST00000292123	1
19	5641593	5641658	ENST00000292123	1
19	5641739	5641946	ENST00000292123	1
19	5645336	5645399	ENST00000292123	1
19	5648015	5648043	ENST00000292123	1
19	5648988	5649499	ENST00000292123	1
19	5649925	5649975	ENST00000292123	1
19	5650977	5651072	ENST00000292123	1
19	5653114	5653264	ENST00000292123	1
19	5653337	5653420	ENST00000292123	1
19	5654060	5654200	ENST00000292123	1
19	5654367	5654456	ENST00000292123	1
19	5657240	5657347	ENST00000292123	1
19	5661517	5661808	ENST00000292123	1
19	5664021	5664159	ENST00000292123	1
19	5664396	5664439	ENST00000292123	1
19	5667045	5667164	ENST00000292123	1
19	5667352	5667450	ENST00000292123	1
19	5667819	5667886	ENST00000292123	1
19	5668161	5668291	ENST00000292123	1
