20	47622247	47622330	ENST00000371998	1
20	47623910	47624083	ENST00000371998	1
20	47625380	47625481	ENST00000371998	1
20	47627001	47627176	ENST00000371998	1
20	47627560	47627749	ENST00000371998	1
20	47627921	47628023	ENST00000371998	1
20	47633495	47633636	ENST00000371998	1
20	47634047	47634195	ENST00000371998	1
20	47635321	47635713	ENST00000371998	1
20	47635890	47636762	ENST00000371998	1
20	47637647	47637783	ENST00000371998	1
20	47639007	47639202	ENST00000371998	1
20	47639576	47639822	ENST00000371998	1
20	47639924	47640051	ENST00000371998	1
20	47642212	47642384	ENST00000371998	1
20	47647072	47647366	ENST00000371998	1
20	47650981	47651276	ENST00000371998	1
20	47652405	47652580	ENST00000371998	1
20	47652930	47653072	ENST00000371998	1
20	47649004	47649109	ENST00000371998	1
20	47653405	47653417	ENST00000371998	1
