2	159478574	159478719	ENST00000392783	-1
2	159453612	159453801	ENST00000392783	-1
2	159446781	159446975	ENST00000392783	-1
2	159439008	159439212	ENST00000392783	-1
2	159438302	159438695	ENST00000392783	-1
2	159432756	159433363	ENST00000392783	-1
2	159430862	159431156	ENST00000392783	-1
2	159429199	159429260	ENST00000392783	-1
2	159428310	159428419	ENST00000392783	-1
2	159412334	159412545	ENST00000392783	-1
2	159405021	159405114	ENST00000392783	-1
2	159404848	159404910	ENST00000392783	-1
2	159400598	159400664	ENST00000392783	-1
2	159398828	159398894	ENST00000392783	-1
2	159397344	159397389	ENST00000392783	-1
2	159395768	159395834	ENST00000392783	-1
2	159389344	159389485	ENST00000392783	-1
2	159386352	159386607	ENST00000392783	-1
2	159385154	159385369	ENST00000392783	-1
2	159383605	159383680	ENST00000392783	-1
2	159382558	159382802	ENST00000392783	-1
2	159374690	159374753	ENST00000392783	-1
2	159373044	159373189	ENST00000392783	-1
2	159349707	159350357	ENST00000392783	-1
2	159349006	159349280	ENST00000392783	-1
2	159348677	159348833	ENST00000392783	-1
2	159347485	159347646	ENST00000392783	-1
2	159337566	159337772	ENST00000392783	-1
2	159336941	159337077	ENST00000392783	-1
2	159332539	159332686	ENST00000392783	-1
2	159325652	159325918	ENST00000392783	-1
2	159324810	159324954	ENST00000392783	-1
2	159448241	159448409	ENST00000392783	-1
2	159427940	159428042	ENST00000392783	-1
2	159320264	159320418	ENST00000392783	-1
