1	6785530	6785575	ENST00000303635	1
1	6820180	6820250	ENST00000303635	1
1	6825091	6825210	ENST00000303635	1
1	7091303	7091371	ENST00000303635	1
1	7249490	7249626	ENST00000303635	1
1	7467829	7467901	ENST00000303635	1
1	7640399	7640553	ENST00000303635	1
1	7661725	7661866	ENST00000303635	1
1	7663352	7665199	ENST00000303635	1
1	7670910	7671037	ENST00000303635	1
1	7677598	7677733	ENST00000303635	1
1	7732447	7732599	ENST00000303635	1
1	7736343	7736540	ENST00000303635	1
1	7736930	7737009	ENST00000303635	1
1	7737254	7737570	ENST00000303635	1
1	7737958	7738482	ENST00000303635	1
1	7744834	7745022	ENST00000303635	1
1	7745844	7746091	ENST00000303635	1
1	7747709	7747781	ENST00000303635	1
1	7751198	7751392	ENST00000303635	1
1	7752458	7752533	ENST00000303635	1
1	7755637	7755668	ENST00000303635	1
1	7766458	7766491	ENST00000303635	1
