19	49591654	49591740	ENST00000418929	1
19	49593326	49593439	ENST00000418929	1
19	49594453	49594615	ENST00000418929	1
19	49594696	49598013	ENST00000418929	1
19	49599271	49599938	ENST00000418929	1
19	49601490	49601918	ENST00000418929	1
19	49614532	49614649	ENST00000418929	1
19	49614875	49615009	ENST00000418929	1
19	49615746	49616219	ENST00000418929	1
19	49620351	49620477	ENST00000418929	1
19	49621524	49621622	ENST00000418929	1
19	49624843	49624990	ENST00000418929	1
19	49625104	49625200	ENST00000418929	1
19	49625460	49625607	ENST00000418929	1
