14	61695804	61695839	ENST00000337138	1
14	61720381	61720572	ENST00000337138	1
14	61721508	61721654	ENST00000337138	1
14	61721738	61721823	ENST00000337138	1
14	61726705	61726818	ENST00000337138	1
14	61727452	61727655	ENST00000337138	1
14	61732417	61732524	ENST00000337138	1
14	61734137	61734285	ENST00000337138	1
14	61736888	61737109	ENST00000337138	1
14	61738086	61738373	ENST00000337138	1
14	61740504	61740627	ENST00000337138	1
14	61740754	61741188	ENST00000337138	1
14	61744704	61744813	ENST00000337138	1
14	61745690	61745817	ENST00000337138	1
14	61746933	61747085	ENST00000337138	1
