2	219232259	219232362	ENST00000323348	1
2	219233285	219233433	ENST00000323348	1
2	219233714	219233943	ENST00000323348	1
2	219234132	219234288	ENST00000323348	1
2	219234825	219235312	ENST00000323348	1
2	219235473	219235585	ENST00000323348	1
2	219235707	219235875	ENST00000323348	1
2	219236009	219236095	ENST00000323348	1
2	219230257	219230405	ENST00000323348	1
2	219231927	219232040	ENST00000323348	1
2	219232489	219232683	ENST00000323348	1
2	219233078	219233191	ENST00000323348	1
2	219236321	219236445	ENST00000323348	1
